7c)

Entropia
HAcc:  3.4964235578605165 
HCyl=  1.5904356903532713 
HDis=  4.874068785699993 
HHor=  4.583748555077425 
HMod=  3.6906425111722614 
HWei=  6.040364750974289 
HMPG=  4.835799622324452 
HAll=  6.657483459664718

---------------

8b)

Comprimento médio:
Acc:  3.535626535626536 
Cyl=  1.7297297297297298 
Dis=  4.9115479115479115 
Hor=  4.6142506142506114 
Mod=  3.7272727272727284 
Wei=  6.076167076167077 
MPG=  4.8697788697788695 
All=  6.689013689013689

Variância dos comprimentos :
Acc:  0.8138413150698163 
Cyl=  0.7131947672488212 
Dis=  1.4565496924219283 
Hor=  1.470362030558591 
Mod=  0.19834710743801662 
Wei=  0.8074663897759721 
MPG=  0.8847623589638332 
All=  2.582122193213804


---------------

10b)

Coeficiente de correlação:
CorrAcc:  0.41358533807577513 
CorrCyl=  -0.7760589899625298 
CorrDis=  -0.8054701139813264 
CorrHor=  -0.7551717235630966 
CorrMod=  0.5872638852454329 
CorrWei=  -0.8312488949454783


Informação Mútua:
MIAcc:  0.8720358363934793 
MICyl=  0.9621786639327183 
MIDis=  2.1122310530481627 
MIHor=  1.8371677242903388 
MIMod=  1.0294236413719773 
MIWei=  2.614683626627084


---------------

11b)

MAE =  2.57218734403793
RMSE =  3.4700474470270817



11e)

---------------
Substituindo Acc pelo seu valor médio:
MAE =  2.6098735543226947
RMSE =  3.444736795148608

Substituindo Weight pelo seu valor médio:
MAE =  5.2161484210589855
RMSE =  6.254129501691016
